149230.718750
126819.328125
122016.515625
111503.718750
110277.234375
117671.507812
122693.687500
124848.312500
244040.656250
123071.078125
53690.335938
64367.058594
165264.843750
153043.953125
259985.921875
141096.750000
106547.125000
154426.796875
174788.390625
102059.945312
70396.703125
195588.406250
127643.500000
120886.468750
127323.765625
123962.171875
81374.148438
108558.890625
153292.000000
60588.523438
89143.062500
185853.484375
142455.750000
88491.671875
254187.312500
79407.640625
118064.171875
143015.875000
130098.257812
189928.359375
125480.632812
107125.476562
128851.578125
174015.265625
137176.406250
97467.328125
114420.015625
130365.710938
153005.281250
122672.367188
228158.015625
120226.710938
172672.718750
76519.968750
127314.929688
85972.414062
106908.937500
117526.992188
189627.234375
117658.601562
124565.718750
160477.578125
119452.421875
113861.125000
145440.500000
99770.796875
131556.593750
163234.187500
112589.351562
113999.320312
98788.578125
66188.468750
152412.937500
221233.906250
162493.187500
94873.218750
142870.531250
131204.937500
161688.156250
219518.406250
116311.921875
69601.812500
106716.671875
178240.187500
111408.968750
93623.062500
97875.593750
98977.015625
130420.609375
95898.570312
131284.796875
163810.562500
67834.304688
82570.062500
80575.625000
128706.710938
117200.218750
119779.562500
202378.562500
152177.156250
97554.734375
176793.734375
169046.718750
155443.468750
206692.656250
256894.593750
109008.968750
126055.203125
102726.468750
164745.718750
158386.781250
70409.789062
91929.937500
134327.437500
142227.906250
140573.968750
69368.375000
127248.460938
146076.937500
173210.562500
134556.953125
207244.062500
79459.406250
179538.843750
80995.843750
150590.265625
145034.093750
81707.828125
151407.640625
83285.242188
109700.500000
154228.750000
58790.679688
201811.781250
159802.500000
116226.406250
79502.562500
133384.750000
227276.593750
124438.687500
133294.984375
180583.375000
102285.320312
147812.531250
92682.140625
97165.468750
146714.625000
90052.640625
93450.359375
108593.718750
168830.531250
96115.828125
133542.281250
129531.992188
112461.250000
115071.515625
107293.421875
82878.781250
90012.640625
78036.937500
131209.562500
106965.804688
89847.218750
109872.773438
151374.000000
102287.921875
122608.437500
130330.546875
157083.250000
174217.750000
151415.765625
94543.656250
130620.859375
119378.757812
113636.179688
236363.468750
139924.125000
112272.218750
88291.031250
54780.550781
191664.609375
153702.031250
56473.917969
125886.804688
67902.421875
117778.765625
90321.937500
115207.507812
76957.257812
136842.968750
109046.773438
60429.222656
92527.875000
77171.539062
137842.109375
125566.906250
161818.562500
132314.531250
119607.062500
99829.554688
87819.546875
77462.515625
154254.718750
93535.906250
140042.859375
103465.265625
143540.359375
157135.593750
111129.523438
169302.531250
62544.468750
122482.375000
122627.140625
117311.109375
144440.687500
139078.171875
168537.640625
118822.125000
141715.718750
138954.453125
133994.750000
155368.375000
146634.562500
144556.968750
129947.343750
134845.593750
103769.796875
85509.031250
77976.085938
137060.781250
151079.187500
194594.031250
152126.062500
169778.921875
115151.718750
90088.843750
186826.750000
110876.554688
97070.601562
112968.101562
99877.671875
159012.500000
141438.265625
66567.078125
144776.093750
139496.546875
175651.109375
118667.960938
119788.812500
146716.156250
195205.593750
108033.023438
149996.984375
127889.992188
161282.109375
136314.312500
139501.281250
47445.628906
135740.484375
109796.804688
163251.968750
148314.812500
148914.281250
138754.218750
125992.796875
139579.359375
119864.203125
79138.671875
93711.851562
171320.468750
156974.750000
172847.406250
193742.859375
70813.507812
86608.140625
92005.601562
139233.218750
118026.156250
102025.468750
137355.937500
114656.781250
112107.570312
57846.578125
162896.218750
107174.460938
60720.984375
153353.312500
135946.093750
165184.687500
133593.625000
78918.343750
133087.031250
158803.968750
152057.812500
129156.015625
100059.960938
118334.695312
57756.171875
100344.421875
80884.968750
108122.953125
86975.468750
159088.031250
65738.679688
108040.906250
109720.718750
137327.906250
131803.796875
116450.039062
79739.000000
169404.000000
69223.250000
174097.843750
111517.750000
127431.226562
169757.250000
233629.265625
134994.437500
154002.437500
188982.218750
155281.375000
119316.421875
93839.523438
53333.328125
135029.968750
89954.906250
117295.007812
155798.562500
135984.437500
88414.414062
137547.031250
133528.781250
94606.187500
97706.906250
86364.078125
97842.578125
110257.640625
158242.062500
