0.44
0.43
0.38
0.40
0.35
0.38
0.35
0.34
0.35
0.42
0.36
0.35
0.38
0.37
0.35
0.33
0.39
0.34
0.37
0.35
0.41
0.33
0.33
0.32
0.40
0.40
0.35
0.32
0.37
0.35
0.35
0.36
0.33
0.32
0.33
0.36
0.30
0.46
0.35
0.43
0.32
0.35
0.39
0.31
0.35
0.37
0.43
0.36
0.37
0.34
0.37
0.34
0.33
0.33
0.31
0.42
0.35
0.35
0.33
0.43
0.40
0.33
0.34
0.38
0.34
0.34
0.33
0.44
0.42
0.31
0.33
0.33
0.36
0.35
0.33
0.31
0.43
0.30
0.33
0.34
0.35
0.44
0.32
0.36
0.31
0.32
0.30
0.32
0.34
0.35
0.33
0.34
0.36
0.31
0.38
0.38
0.38
0.34
0.29
0.36
0.34
0.36
0.35
0.34
0.32
0.34
0.37
0.36
0.31
0.31
0.32
0.35
0.36
0.30
0.33
0.33
0.35
0.31
0.30
0.33
0.29
0.30
0.28
0.30
0.33
0.31
0.36
0.30
0.31
0.31
0.36
0.30
0.29
0.41
0.38
0.34
0.31
0.31
0.32
0.31
0.37
0.33
0.31
0.31
0.32
0.39
0.29
0.29
0.29
0.28
0.34
0.32
0.30
0.30
0.33
0.28
0.31
0.29
0.29
0.33
0.40
0.29
0.32
0.29
0.29
0.28
0.40
0.30
0.29
0.33
0.29
0.35
0.32
0.31
0.27
0.33
0.29
0.31
0.37
0.30
0.33
0.33
0.34
0.34
0.34
0.33
0.36
0.33
0.36
0.30
0.30
0.35
0.29
0.29
0.30
0.34
0.41
0.38
0.28
0.40
0.34
0.31
0.36
0.30
0.34
0.29
0.31
0.29
0.29
0.32
0.30
0.40
0.36
0.28
0.32
0.31
0.30
0.30
0.30
0.34
0.34
0.34
0.34
0.31
0.36
0.30
0.34
0.40
0.36
0.30
0.31
0.30
0.29
0.29
0.30
0.32
0.31
0.29
0.29
0.33
0.33
0.28
0.28
0.27
0.32
0.36
0.35
0.30
0.33
0.40
0.31
0.32
0.35
0.35
0.27
0.30
0.28
0.40
0.34
0.32
0.32
0.35
0.32
0.33
0.32
0.32
0.38
0.31
0.28
0.31
0.30
0.30
0.34
0.29
0.29
0.31
0.31
0.38
0.32
0.38
0.33
0.30
0.31
0.31
0.36
0.30
0.32
0.35
0.47
0.34
0.38
0.41
0.37
0.30
0.29
0.31
0.32
0.36
0.30
0.32
0.36
0.31
0.34
0.34
0.29
0.33
0.41
0.31
0.32
0.32
0.38
0.34
0.29
0.29
0.35
0.34
0.32
0.34
0.32
0.34
0.33
0.33
0.40
0.36
0.28
0.31
0.30
0.42
0.39
0.43
0.29
0.29
0.31
0.32
0.31
0.31
0.29
0.33
