606332.000000
446976.093750
566211.125000
518901.562500
496069.656250
518134.687500
300630.562500
228833.156250
262720.968750
226760.015625
223432.609375
282478.562500
199698.921875
173250.250000
279008.875000
175849.500000
241394.046875
198950.781250
163803.265625
204094.281250
156671.218750
153664.656250
163078.187500
285296.375000
216861.015625
182271.343750
243517.031250
155767.468750
157747.296875
128294.468750
230358.359375
165119.906250
142451.937500
279339.500000
211941.062500
130420.945312
200307.875000
101086.953125
141113.093750
221305.578125
219432.375000
196971.234375
194603.937500
195017.031250
244515.281250
106073.015625
151670.250000
249578.125000
181896.406250
181168.156250
154933.218750
165786.281250
175556.437500
179983.046875
156747.328125
171623.921875
142543.546875
104498.031250
121984.234375
119152.906250
136643.875000
225975.578125
142382.125000
160929.718750
151663.937500
115721.914062
105760.765625
106948.687500
132714.609375
193006.187500
105935.296875
155730.093750
105527.335938
155057.468750
135172.703125
176731.000000
252241.718750
189559.109375
158863.031250
234694.937500
175907.062500
238116.578125
177977.078125
229689.015625
124108.859375
109805.812500
158537.359375
179430.453125
192939.312500
154913.390625
73590.906250
148491.546875
96458.117188
202259.375000
150626.640625
122981.132812
188288.062500
237845.656250
159722.093750
141616.937500
136093.578125
146232.859375
147241.812500
123472.601562
117196.445312
114422.953125
196460.562500
116469.601562
117271.257812
147568.500000
139634.843750
147555.796875
135970.343750
124241.945312
134386.218750
168638.765625
70001.937500
108417.343750
128669.859375
184436.468750
199170.062500
108015.140625
114229.335938
222079.343750
129924.640625
144206.640625
128027.054688
120292.859375
204993.031250
147609.375000
177661.250000
186910.093750
75250.414062
127771.125000
196213.703125
125618.757812
114970.593750
146241.578125
103443.375000
146897.250000
169795.625000
126633.500000
107954.000000
136338.546875
189787.859375
170620.093750
137857.656250
211287.890625
154071.671875
153489.531250
166310.718750
195589.812500
120849.859375
113650.437500
110799.906250
180590.656250
101062.710938
82650.367188
168789.656250
141001.500000
109690.406250
182861.625000
112122.328125
103276.070312
170863.031250
162326.031250
146005.218750
148004.640625
145043.781250
73163.468750
142285.546875
149691.984375
153062.875000
146721.562500
134133.796875
126234.617188
204810.375000
166903.343750
135019.531250
121677.992188
130531.890625
112676.414062
179048.140625
191286.437500
172994.968750
124971.257812
127343.984375
147180.968750
104650.742188
72560.234375
109443.031250
192478.125000
164332.390625
125945.562500
120129.765625
147773.781250
85036.539062
133159.625000
99566.437500
102457.992188
102805.750000
98845.250000
158558.265625
112372.734375
116354.695312
168844.968750
80866.414062
108196.890625
158291.500000
104573.687500
161934.343750
146298.765625
126619.593750
141346.640625
95195.226562
172369.171875
156700.125000
108262.421875
82216.171875
122461.257812
141882.687500
83668.359375
97684.578125
137124.890625
110855.085938
156672.546875
175808.687500
93328.765625
71042.875000
89024.734375
148780.078125
128953.593750
125231.023438
158842.343750
205958.687500
109402.328125
124490.312500
109358.539062
85596.375000
198653.859375
92979.695312
169161.390625
84002.367188
109887.875000
104631.562500
171337.218750
212408.984375
100643.718750
211975.812500
103839.742188
152912.796875
104974.703125
77198.937500
81864.046875
79891.703125
136332.562500
121750.859375
173100.031250
114411.804688
253789.140625
111720.687500
119332.273438
140051.593750
190068.140625
97659.437500
283497.343750
120083.390625
114864.703125
135672.031250
114087.359375
118643.890625
173950.750000
181538.578125
186013.187500
198196.750000
126809.421875
197874.843750
97186.804688
165448.937500
166838.468750
188784.093750
98417.812500
69952.085938
143922.250000
101598.171875
135243.046875
172877.078125
64794.781250
156510.625000
141814.046875
165798.062500
122732.687500
138299.343750
57637.093750
122828.312500
133631.562500
144735.562500
156197.890625
117128.843750
133825.343750
136671.640625
92585.460938
134642.750000
74663.531250
123947.218750
153193.156250
100871.921875
118816.351562
119898.593750
195785.218750
70289.929688
223773.718750
98664.093750
150222.343750
160418.500000
101268.312500
201875.781250
115328.929688
137953.078125
81540.640625
116869.312500
100590.578125
77742.750000
86117.648438
141781.250000
208696.359375
139764.750000
220527.937500
158795.703125
189152.625000
188881.546875
152083.312500
185987.750000
140833.875000
112013.546875
120440.546875
136261.843750
113563.015625
