0.97
0.98
0.97
0.98
0.98
0.96
0.94
0.88
0.73
0.82
0.87
0.70
0.78
0.69
0.77
0.86
0.65
0.79
0.72
0.70
0.68
0.68
0.70
0.87
0.79
0.68
0.68
0.68
0.67
0.71
0.66
0.67
0.82
0.67
0.71
0.66
0.70
0.65
0.71
0.66
0.68
0.65
0.91
0.69
0.72
0.70
0.74
0.65
0.63
0.64
0.64
0.65
0.66
0.65
0.62
0.61
0.67
0.66
0.60
0.58
0.55
0.59
0.61
0.56
0.53
0.49
0.54
0.54
0.55
0.60
0.53
0.47
0.43
0.48
0.55
0.49
0.52
0.42
0.40
0.45
0.45
0.39
0.41
0.43
0.43
0.40
0.41
0.43
0.52
0.44
0.42
0.38
0.46
0.36
0.38
0.45
0.37
0.40
0.64
0.46
0.45
0.44
0.54
0.45
0.41
0.41
0.40
0.42
0.45
0.36
0.34
0.37
0.39
0.33
0.44
0.36
0.44
0.47
0.40
0.36
0.38
0.37
0.38
0.45
0.43
0.38
0.41
0.36
0.36
0.39
0.43
0.34
0.30
0.34
0.43
0.34
0.35
0.38
0.39
0.46
0.38
0.33
0.38
0.39
0.40
0.52
0.42
0.40
0.35
0.47
0.32
0.38
0.37
0.33
0.33
0.35
0.39
0.31
0.40
0.34
0.39
0.38
0.35
0.36
0.37
0.33
0.33
0.35
0.36
0.30
0.34
0.40
0.40
0.33
0.39
0.33
0.40
0.38
0.42
0.45
0.32
0.34
0.37
0.44
0.35
0.38
0.41
0.53
0.37
0.33
0.37
0.33
0.32
0.47
0.37
0.39
0.29
0.36
0.32
0.42
0.30
0.28
0.34
0.35
0.30
0.36
0.37
0.32
0.32
0.36
0.39
0.32
0.29
0.41
0.35
0.42
0.35
0.37
0.46
0.40
0.38
0.35
0.43
0.34
0.38
0.35
0.39
0.35
0.41
0.31
0.35
0.32
0.31
0.37
0.37
0.34
0.40
0.42
0.38
0.35
0.31
0.37
0.36
0.41
0.30
0.32
0.33
0.32
0.32
0.34
0.46
0.32
0.34
0.40
0.30
0.40
0.36
0.33
0.35
0.37
0.31
0.36
0.28
0.29
0.30
0.29
0.33
0.35
0.34
0.35
0.33
0.40
0.40
0.34
0.32
0.33
0.44
0.31
0.29
0.44
0.34
0.36
0.35
0.36
0.45
0.34
0.33
0.30
0.44
0.32
0.31
0.34
0.42
0.31
0.35
0.39
0.36
0.40
0.39
0.47
0.42
0.29
0.44
0.30
0.31
0.30
0.33
0.33
0.35
0.40
0.37
0.46
0.35
0.40
0.35
0.37
0.36
0.30
0.37
0.30
0.35
0.45
0.39
0.38
0.31
0.36
0.36
0.33
0.34
0.55
0.39
0.43
0.35
0.38
0.45
0.30
0.32
0.35
